1.600000000000000000e+01
4.000000000000000000e+00
9.000000000000000000e+00
3.000000000000000000e+00
4.367956333752281921e+02
-3.290137656993256314e+02
-1.328124265521789766e+02
-9.789586203204660706e+03
1.265520621785936237e+04
-2.558247594181869431e+02
-4.194851852292184958e+03
-6.305440891817040392e+04
1.335604223756309875e+04
-1.911255814731368901e+02
1.545137556723943362e+03
5.585566912108853330e+02
1.843333275208673513e+03
-1.164878292374456123e+03
1.794341935877950527e+04
-1.778525656783223385e+05
-5.693249377897209307e-01
5.208446382552624527e+02
6.293823524213928433e-01
2.197461495130757925e+01
2.635105467515597599e+00
8.708080707962493339e-01
7.388480639452701837e+00
2.031153335660648818e+00
1.138864735058188948e+01
2.440489427811546319e-01
-1.135038180492358717e-01
4.941014263629783798e-02
-8.408086687207030896e-02
2.801285973732655851e-04
2.016287777034883533e+01
1.560449828305865150e-01
9.397295275855621632e-02
2.149943721196486135e-01
-9.193491479264478961e-02
3.367295725103355581e-03
3.320853916258475480e-01
-1.662348478299344734e-01
2.901306818905695639e-01
-2.414890902032690967e+00
1.012715497508245854e-01
-1.007324413821841791e-02
1.201472220426546000e-01
4.641469773289019773e-01
4.327900710699564257e+01
-5.502712381037650147e+00
